%YAML:1.0
---
camera_matrix: !!opencv-matrix
   rows: 3
   cols: 3
   dt: d
   data: [ 1782.287598580816, 0., 775.2202834518628, 0.,
       1780.602776868354, 512.4263814133535, 0., 0., 1. ]
distortion_coefficients: !!opencv-matrix
   rows: 1
   cols: 5
   dt: d
   data: [ -0.09886533334998682, 0.1148079037216625,
       -0.01074874429482955, 0.005605728296555071,
       0.1165035393232818 ]
