%YAML:1.0
---
camera_matrix: !!opencv-matrix
   rows: 3
   cols: 3
   dt: d
   data: [ 1.7925016693045809e+03, 0., 5.5749943300251925e+02, 0.,
       1.7888928667837308e+03, 6.0788013786926138e+02, 0., 0., 1. ]
distortion_coefficients: !!opencv-matrix
   rows: 1
   cols: 5
   dt: d
   data: [ -1.0932442223889435e-01, 4.3280938194698171e-01,
       2.3545983801590881e-03, 1.0452964182394117e-03,
       -1.5389902553340453e+00 ]
